0.849956
1.271069
1.253065
1.949860
2.012706
0.991717
0.822311
1.324254
0.980532
1.630158
2.193562
2.046493
0.533903
1.891123
1.168634
1.088570
1.810891
0.912403
2.612235
2.719319
1.457017
0.759955
0.668603
1.392386
0.191930
0.800761
2.325032
2.030830
1.049543
1.320404
-0.791908
-0.762521
-0.548397
-0.781996
-0.673603
-0.487239
-0.329130
-0.184060
-0.277467
-0.755872
-0.837747
-0.551147
-0.384016
-0.767350
-0.757105
-0.860583
-0.638988
-0.803693
-0.649019
-0.079911
-0.871978
-0.675584
-0.829908
-0.652881
-0.782397
-0.833908
-0.843016
-0.470947
-0.392647
-0.595647
-0.766879
-0.829583
-0.454248
-0.619372
-0.633864
-0.863775
-0.048307
-0.471936
-0.306380
-0.481357
-0.310477
-0.620238
-0.670330
-0.430776
-0.502991
-0.664849
-0.856660
-0.342629
-0.716329
-0.813170
-0.486473
-0.692071
-0.691509
-0.683019
-0.556452
-0.198714
-0.275725
-0.374453
-0.319347
-0.385764
-0.404002
-0.681916
-0.624791
-0.841312
-0.756982
-0.658785
-0.741789
-0.767572
-0.858437
-0.785286
