0.381512
0.470240
0.449654
0.394807
0.500783
0.361176
0.384148
0.422391
0.372585
0.480097
0.426092
0.500999
0.434584
0.424177
0.512852
0.393034
0.393728
0.402383
0.488988
0.435162
0.369553
0.383036
0.409594
0.415084
0.299658
0.464945
0.429628
0.331352
0.382850
0.376795
0.111404
-0.000877
0.242809
0.001130
0.194339
0.081349
0.255029
0.168619
0.126057
0.058431
0.216655
0.287344
0.005570
0.140863
0.040628
-0.000743
0.117077
-0.001876
0.107572
0.212491
0.142906
0.152826
0.001959
0.145363
0.032523
0.047553
0.019078
0.202925
0.149358
0.052870
0.123640
0.155543
0.068614
0.135858
0.170533
0.133316
0.271179
0.063285
0.006901
0.142117
0.278229
0.065969
0.067847
0.128401
0.033971
0.130095
0.005907
0.003103
0.129260
0.035853
0.173381
-0.002375
0.113988
0.136786
0.241633
0.284816
0.048542
0.165221
0.170808
0.191910
0.146968
0.025789
0.090768
0.104146
0.152220
0.267148
-0.004551
0.048412
0.134735
0.172755
