1.116516
1.681465
1.550390
1.201168
1.875943
0.987033
1.133301
1.376801
1.059674
1.744228
1.400367
1.877313
1.454437
1.388172
1.952784
1.189879
1.194294
1.249404
1.800841
1.458117
1.040372
1.126219
1.295317
1.330275
0.595330
1.647753
1.422880
0.797133
1.125034
1.086481
-0.603324
-1.318237
0.233364
-1.305459
-0.075256
-0.794691
0.311171
-0.239019
-0.510021
-0.940615
0.066834
0.516925
-1.277188
-0.415748
-1.053967
-1.317387
-0.567198
-1.324603
-0.627722
0.040324
-0.402743
-0.339580
-1.300182
-0.387100
-1.105572
-1.009878
-1.191184
-0.020585
-0.361662
-0.976019
-0.525411
-0.322277
-0.875774
-0.447618
-0.226834
-0.463801
0.413998
-0.909706
-1.268714
-0.407766
0.458888
-0.892617
-0.880659
-0.495098
-1.096354
-0.484310
-1.275045
-1.292900
-0.489630
-1.084372
-0.208703
-1.327779
-0.586872
-0.441708
0.225875
0.500829
-1.003577
-0.260657
-0.225086
-0.090721
-0.376878
-1.148452
-0.734718
-0.649534
-0.343438
0.388334
-1.341635
-1.004409
-0.454766
-0.212689
