0.561028
0.795020
0.816969
1.894899
1.998268
1.075225
1.088650
1.538422
0.548846
2.077862
2.090391
2.105402
0.936440
1.983028
1.414813
0.820168
1.720508
1.050393
2.312042
2.597386
1.547046
0.799770
0.635564
1.573828
0.666494
1.154185
2.619580
1.889272
0.791522
0.991040
-0.828716
-0.642518
-0.698925
-0.267828
-0.675133
-0.170267
-0.842894
-0.536413
-0.696936
-0.617648
-0.562016
-0.634794
-0.442131
-0.683596
-0.754586
-0.698535
-0.862057
-0.442381
-0.574950
-0.444478
-0.811850
-0.462641
-0.800129
-0.838847
-0.482645
-0.449967
-0.291692
-0.359491
-0.873222
-0.863636
-0.732470
-0.783560
-0.819209
-0.525848
-0.847209
-0.821202
-0.236260
-0.624737
-0.816366
-0.438559
-0.278884
-0.851213
-0.418525
-0.701300
-0.792044
-0.535174
-0.838939
-0.582746
-0.839843
-0.877773
-0.329441
-0.630381
-0.742220
-0.790840
-0.538728
-0.254120
-0.280218
-0.355807
-0.243883
-0.345182
-0.715157
-0.728242
-0.651615
-0.459069
-0.451567
-0.253947
-0.635530
-0.825861
-0.316309
-0.873162
