0.384857
0.395750
0.364559
0.430483
0.500364
0.427198
0.370320
0.478425
0.384273
0.421673
0.434070
0.495662
0.422422
0.438999
0.465324
0.352930
0.440253
0.368392
0.481847
0.425627
0.400257
0.420973
0.391892
0.444322
0.353799
0.402024
0.446651
0.466901
0.330477
0.491876
0.171739
0.043749
0.001250
0.079396
0.042231
0.142676
0.214071
0.082309
0.086645
0.076082
0.013670
0.166645
0.147867
0.094679
0.002231
0.000899
0.037831
-0.000767
0.100165
0.037602
0.122777
0.179476
0.004980
0.163320
0.173608
0.156685
0.181750
0.184986
0.107143
0.083965
0.056830
0.116514
0.041023
0.048263
0.052529
0.185621
0.021484
0.000322
0.001482
0.025456
0.192186
-0.000364
0.003073
0.168359
0.000792
0.009225
0.002023
0.083172
0.013614
0.088813
0.129954
0.005797
0.006935
0.061153
0.029848
0.095297
0.151950
0.178892
0.061048
0.002203
0.221192
0.157516
0.037852
0.087856
0.174002
0.063251
0.005028
0.016430
0.179659
0.017472
