1.195975
1.260598
1.075560
1.466655
1.881225
1.447166
1.109736
1.751071
1.192516
1.414390
1.487934
1.853331
1.418831
1.517175
1.673352
1.006571
1.524616
1.098300
1.771374
1.437848
1.287336
1.410239
1.237712
1.548756
1.011728
1.297820
1.562572
1.682703
0.873366
1.830873
-0.068351
-0.827650
-1.079781
-0.616173
-0.836658
-0.240768
0.182787
-0.598897
-0.573168
-0.635836
-1.006097
-0.098571
-0.209970
-0.525508
-1.073960
-1.081859
-0.862764
-1.091742
-0.492966
-0.864118
-0.358816
-0.022448
-1.057651
-0.118296
-0.057260
-0.157659
-0.008962
0.010240
-0.451566
-0.589070
-0.750047
-0.395975
-0.843824
-0.800872
-0.775563
0.014004
-0.959740
-1.085283
-1.078401
-0.936178
0.052950
-1.089354
-1.068966
-0.088402
-1.082495
-1.032464
-1.075193
-0.593774
-1.006431
-0.560309
-0.316239
-1.052801
-1.046050
-0.724404
-0.910122
-0.521840
-0.185751
-0.025913
-0.725028
-1.074126
0.225029
-0.152730
-0.862636
-0.565988
-0.054926
-0.711957
-1.057367
-0.989721
-0.021367
-0.983541
