0.299314
0.392917
0.324986
0.409543
0.461139
0.357997
0.412618
0.473266
0.364871
0.472828
0.403398
0.512085
0.442918
0.484231
0.476010
0.431879
0.472672
0.332402
0.443774
0.408819
0.417530
0.368137
0.369621
0.350467
0.357179
0.423335
0.434113
0.410026
0.338168
0.454046
0.093669
0.007935
0.106414
-0.002270
0.141572
0.117034
0.284749
0.047377
0.119890
0.030102
0.066898
0.140575
0.100969
0.048770
0.013003
0.028094
0.136753
0.017448
0.058805
0.060242
0.083491
0.113294
0.001990
0.032102
0.006254
0.007816
0.235227
0.102170
0.000761
0.101279
0.138339
-0.000353
0.147289
0.011000
0.141497
0.070250
0.232378
0.098486
0.037402
0.120663
0.257362
-0.000704
0.110285
0.098260
0.024354
0.211468
-0.000925
0.210470
0.018949
0.004068
0.008684
-0.002225
0.158592
0.052587
0.179695
0.240233
0.112757
0.092357
0.094736
0.062046
0.141765
0.035119
0.000698
0.116832
0.057862
0.201943
0.100601
0.039544
0.123025
-0.001856
