0.716730
0.433138
0.690349
1.775013
2.106574
1.134413
1.166129
1.460290
0.556659
2.235678
1.990392
1.851762
0.820809
1.847243
1.181260
0.892113
2.247324
0.968141
2.345389
2.434250
1.193311
0.899224
0.628199
1.749868
0.954544
1.180089
2.481307
2.158997
0.923636
1.123791
-0.709521
-0.789281
-0.768700
-0.657595
-0.652312
-0.757088
-0.578667
-0.488173
-0.477697
-0.772815
-0.613160
-0.185117
-0.636845
-0.636621
-0.699932
-0.796315
-0.811261
-0.538978
-0.570124
-0.494840
-0.801084
-0.314200
-0.831897
-0.635502
-0.368761
-0.722619
-0.357759
-0.817287
-0.826394
-0.787903
-0.777960
-0.545846
-0.671157
-0.703716
-0.640344
-0.531980
-0.227551
-0.766796
-0.799855
-0.591635
-0.269950
-0.725002
-0.330257
-0.744845
-0.694027
-0.271645
-0.678101
-0.682102
-0.744023
-0.793289
-0.744329
-0.788690
-0.167401
-0.784421
-0.331754
-0.168912
-0.180126
-0.344978
-0.319935
-0.679755
-0.293634
-0.773015
-0.707301
-0.357734
-0.733946
-0.509230
-0.799975
-0.813357
-0.567247
-0.792359
