0.707007
1.278335
0.863704
1.379818
1.694742
1.065193
1.398583
1.768763
1.107147
1.766089
1.342309
2.005705
1.583527
1.835695
1.785516
1.516147
1.765140
0.908969
1.588754
1.375398
1.428566
1.127086
1.136142
1.019233
1.060201
1.464002
1.529784
1.382764
0.944161
1.651454
-0.548197
-1.071498
-0.470403
-1.133784
-0.255810
-0.405585
0.618105
-0.830754
-0.388150
-0.936192
-0.711600
-0.261893
-0.503640
-0.822247
-1.040563
-0.948454
-0.285226
-1.013434
-0.761000
-0.752227
-0.610319
-0.428410
-1.107784
-0.923985
-1.081758
-1.072224
0.315839
-0.496311
-1.115284
-0.501749
-0.275544
-1.122083
-0.220916
-1.052787
-0.256268
-0.691141
0.298446
-0.518796
-0.891637
-0.383433
0.450942
-1.124226
-0.446776
-0.520177
-0.971281
0.170817
-1.125576
0.164728
-1.004269
-1.095098
-1.066923
-1.133512
-0.151925
-0.798954
-0.023118
0.346393
-0.431689
-0.556203
-0.541684
-0.741218
-0.254631
-0.905570
-1.115671
-0.406814
-0.766753
0.112679
-0.505889
-0.878561
-0.369017
-1.131257
