0.319442
0.345549
0.392202
0.393394
0.402443
0.337378
0.375531
0.414383
0.332208
0.536449
0.391398
0.438053
0.388141
0.409367
0.481669
0.355170
0.371411
0.500776
0.438343
0.392778
0.407375
0.352642
0.325345
0.353348
0.255042
0.388492
0.410734
0.352473
0.263169
0.447001
0.162543
0.040754
-0.002066
0.027100
0.064734
0.086552
0.210410
0.000474
0.018094
0.076803
-0.001255
0.137032
0.000462
0.138228
0.008652
0.064505
0.166104
0.013050
0.098272
0.191210
0.154159
0.186354
0.000320
0.121258
0.100870
0.025752
-0.000251
0.187152
0.050878
0.114022
0.061647
0.027115
0.000972
-0.003502
0.168813
0.068571
0.205399
0.008995
0.060824
0.060656
0.229685
0.016222
0.096607
0.151272
0.092957
0.129782
0.022157
0.018153
0.005459
0.091664
0.118084
0.005799
0.108828
0.032790
0.066222
0.268674
0.202982
0.167617
0.071730
0.022908
0.227336
-0.002310
0.124362
0.075915
0.108559
0.140826
0.018840
0.058806
0.123497
0.026575
