0.552210
0.786699
0.885857
1.933245
2.106122
1.360732
1.162245
1.654072
0.610221
1.850071
2.051763
1.972232
0.912225
1.954213
1.133949
0.787761
1.955102
0.959062
2.254878
2.736589
1.180964
0.854558
0.513932
1.621816
0.551573
1.093755
2.326944
1.949531
1.194945
1.346196
-0.803780
-0.729349
-0.828781
-0.684208
-0.661252
-0.582525
-0.207436
-0.713625
-0.453726
-0.810483
-0.758376
-0.461170
-0.719249
-0.683728
-0.787864
-0.769512
-0.600542
-0.726272
-0.583891
-0.498369
-0.681771
-0.485445
-0.731706
-0.832599
-0.833823
-0.844938
-0.571457
-0.686786
-0.652381
-0.725983
-0.803219
-0.586613
-0.421357
-0.715983
-0.013136
-0.683724
-0.070720
-0.583146
-0.644947
-0.558742
-0.472993
-0.852336
-0.480708
-0.697232
-0.620545
-0.303878
-0.782512
-0.725343
-0.708871
-0.830761
-0.184473
-0.824910
-0.620583
-0.613025
-0.641591
-0.042793
-0.208182
-0.413814
-0.557053
-0.748895
-0.465107
-0.672354
-0.310037
-0.229817
-0.825891
-0.677571
-0.795455
-0.589419
-0.392243
-0.772446
