0.935175
1.104148
1.406100
1.413819
1.472385
1.051264
1.298203
1.549663
1.017802
2.339717
1.400899
1.702864
1.379817
1.517202
1.985164
1.166420
1.271538
2.108826
1.704739
1.409832
1.504305
1.150059
0.973379
1.154627
0.518360
1.382088
1.526049
1.148965
0.570960
1.760781
-0.080328
-0.868583
-1.145731
-0.956960
-0.713377
-0.572168
0.229482
-1.129291
-1.015248
-0.635265
-1.140480
-0.245440
-1.129364
-0.237698
-1.076357
-0.714859
-0.057277
-1.047894
-0.496307
0.105217
-0.134590
0.073785
-1.130284
-0.347533
-0.479497
-0.965684
-1.133983
0.078954
-0.803061
-0.394369
-0.733358
-0.956859
-1.126067
-1.155023
-0.039747
-0.688546
0.197052
-1.074137
-0.738682
-0.739773
0.354241
-1.027361
-0.507085
-0.153277
-0.530709
-0.292368
-0.988952
-1.014867
-1.097025
-0.539081
-0.368082
-1.094823
-0.427988
-0.920131
-0.703748
0.606591
0.181410
-0.047485
-0.668095
-0.984088
0.339037
-1.147311
-0.327448
-0.641008
-0.429728
-0.220884
-1.010419
-0.751744
-0.333041
-0.960353
