0.552567
1.201046
1.197401
1.852725
1.759513
0.945301
1.026554
1.339968
0.917792
2.121893
1.970797
1.887589
0.254251
1.756551
1.265367
1.081385
1.745530
0.933344
2.404299
2.811003
1.310209
1.017443
0.966883
1.667631
0.445883
1.359287
2.260749
1.987059
0.778530
1.608031
-0.804902
-0.764250
-0.794087
-0.794105
-0.795202
-0.661134
-0.110345
-0.568509
-0.542734
-0.606153
-0.550493
-0.434899
-0.824995
-0.797586
-0.683419
-0.815910
-0.395439
-0.805301
-0.307996
-0.370250
-0.677689
-0.174836
-0.615877
-0.432731
-0.435523
-0.406044
-0.426908
-0.707003
-0.792696
-0.654665
-0.792767
-0.798674
-0.801628
-0.689708
-0.570152
-0.784945
-0.016883
-0.521126
-0.738173
-0.725695
-0.338034
-0.852638
-0.676865
-0.299201
-0.386377
-0.552346
-0.799597
-0.711737
-0.774550
-0.743167
-0.806797
-0.768189
-0.295307
-0.712044
-0.466287
-0.470372
-0.349682
-0.547319
-0.267855
-0.801412
-0.395006
-0.570126
-0.755795
-0.522441
-0.798605
-0.547369
-0.718540
-0.806279
-0.794845
-0.706355
