0.299830
0.358535
0.412778
0.459168
0.427575
0.394066
0.415690
0.540796
0.428074
0.443166
0.445608
0.487514
0.422475
0.378746
0.590063
0.437562
0.446538
0.422559
0.481764
0.464725
0.424070
0.337143
0.315143
0.396781
0.327550
0.401258
0.391195
0.418451
0.290666
0.554227
0.063746
0.081667
0.082603
0.112082
0.014544
0.234623
0.260777
0.016924
0.001726
0.031219
0.204209
0.123134
0.137754
0.241516
0.205429
0.003340
0.092844
0.000516
0.005055
0.235424
0.011182
0.176696
0.002460
0.058257
0.120607
0.122398
0.126273
0.117336
0.119777
0.098967
-0.003357
0.135205
-0.000210
0.162263
0.213835
0.204929
0.075263
0.062934
0.055642
0.014435
0.250624
0.020829
-0.000199
0.038684
0.179982
0.028475
0.062585
0.112201
0.020421
0.048863
0.176874
0.079487
0.024463
0.043072
0.059627
0.125477
0.239584
0.229363
0.215113
0.110855
0.178497
0.132397
0.064540
0.102177
0.111408
0.188438
0.000434
0.006661
0.040389
0.165363
