0.621770
0.976536
1.304341
1.584689
1.393768
1.191260
1.321942
2.077995
1.396782
1.487989
1.502742
1.755994
1.362944
1.098679
2.375725
1.454118
1.508364
1.363453
1.721244
1.618276
1.372586
0.847263
0.714306
1.207669
0.789286
1.234722
1.173912
1.338625
0.566386
2.159159
-0.804956
-0.696655
-0.690998
-0.512845
-1.102298
0.227703
0.385758
-1.087913
-1.179761
-1.001521
0.043906
-0.446056
-0.357703
0.269360
0.051278
-1.170002
-0.629107
-1.187071
-1.159640
0.232543
-1.122613
-0.122365
-1.175320
-0.838127
-0.461324
-0.450507
-0.427086
-0.481097
-0.466342
-0.592102
-1.210476
-0.373109
-1.191457
-0.209591
0.102076
0.048253
-0.735354
-0.809862
-0.853931
-1.102955
0.324402
-1.064313
-1.191389
-0.956408
-0.102508
-1.018107
-0.811972
-0.512125
-1.066779
-0.894896
-0.121287
-0.709828
-1.042354
-0.929893
-0.829849
-0.431896
0.257683
0.195915
0.109800
-0.520262
-0.111479
-0.390079
-0.800159
-0.572702
-0.516919
-0.051403
-1.187567
-1.149934
-0.946104
-0.190851
