0.438078
1.003709
0.751691
1.858504
1.926712
0.755949
1.264179
1.471567
0.601380
1.794632
2.272253
2.168129
0.925492
1.932057
1.214316
1.251504
1.920331
1.216501
2.173303
2.838416
1.172653
0.974594
0.671366
1.567335
0.166258
1.088806
2.531230
1.809646
0.901798
1.259107
-0.633425
-0.745930
-0.771702
-0.436135
-0.826270
-0.515589
-0.349408
-0.613479
-0.384515
-0.600728
-0.386476
-0.413074
-0.803760
-0.757161
-0.793982
-0.783142
-0.311836
-0.620474
-0.264317
-0.213913
-0.708850
-0.168898
-0.698206
-0.770351
-0.681987
-0.684183
-0.239772
-0.678483
-0.829565
-0.266521
-0.525681
-0.842264
-0.789547
-0.865455
-0.421931
-0.812393
-0.369752
-0.578711
-0.821702
-0.353161
-0.244117
-0.826600
-0.858596
-0.696810
-0.642085
-0.351261
-0.759868
-0.673630
-0.726943
-0.816037
-0.528214
-0.753664
-0.702239
-0.759026
-0.439018
-0.517591
-0.231635
-0.723087
-0.349171
-0.703467
-0.204930
-0.535065
-0.650945
-0.862694
-0.832277
-0.270973
-0.838284
-0.790087
-0.446893
-0.853547
