1.077951
1.299178
1.018051
2.099201
1.888483
1.021747
1.833060
1.883619
1.357113
1.522632
1.616671
1.701672
1.044398
1.587792
1.921762
1.211026
1.063984
1.259137
1.987783
1.961503
1.561490
0.983363
0.876209
0.884126
0.826343
1.408324
1.329434
1.211618
0.867987
1.318145
0.171457
-0.586161
-0.575958
-0.562361
-0.967386
-0.927229
-0.203376
-0.158928
-0.913808
-0.865521
-0.397118
-0.965613
-0.768165
-0.977299
-0.983778
-1.043723
-0.876811
-1.016340
-0.184235
0.212175
-1.001688
0.058135
-1.010636
-0.744005
-0.736375
-0.665868
0.347152
-0.097374
-0.620511
-0.417532
-0.561036
-1.033601
-1.035119
-0.913838
-0.332783
-0.879173
-0.552596
-0.677973
-1.029130
-0.770337
0.458008
-0.613824
-0.289648
-1.037153
-0.713411
-0.197004
-1.034196
0.168760
-1.021831
-1.028906
-0.404409
-0.860950
-0.278998
-1.031531
0.205759
-0.022122
-0.623554
-0.488949
-0.328280
-0.170928
-0.222308
-0.069173
-0.909594
-0.985871
-0.991861
0.030588
-1.007889
-0.972807
-1.023700
-0.893560
