0.365391
0.403681
0.355024
0.542149
0.505678
0.355663
0.496085
0.504836
0.413709
0.442357
0.458633
0.473345
0.359584
0.453634
0.511438
0.388424
0.362974
0.396751
0.522865
0.518316
0.449082
0.349020
0.330474
0.331844
0.321843
0.422572
0.408918
0.388526
0.329050
0.406964
0.208495
0.077366
0.079132
0.081486
0.011384
0.018334
0.143619
0.151312
0.020657
0.029015
0.110086
0.011691
0.045865
0.009668
0.008547
-0.001829
0.027061
0.002911
0.146932
0.215542
0.005447
0.188881
0.003898
0.050047
0.051367
0.063571
0.238904
0.161966
0.071421
0.106553
0.081715
-0.000077
-0.000339
0.020652
0.121221
0.026652
0.083176
0.061476
0.000697
0.045489
0.258091
0.072578
0.128687
-0.000691
0.055342
0.144722
-0.000180
0.208028
0.001961
0.000736
0.108824
0.029806
0.130530
0.000282
0.214432
0.174990
0.070894
0.094192
0.122000
0.149235
0.140342
0.166847
0.021387
0.008185
0.007148
0.184113
0.004374
0.010446
0.001637
0.024162
