0.319848
0.306896
0.362571
0.411065
0.403253
0.359519
0.378998
0.453940
0.439360
0.460709
0.383518
0.377597
0.313103
0.413734
0.477017
0.418142
0.370251
0.355553
0.373164
0.495044
0.432183
0.316850
0.277997
0.324487
0.335350
0.441671
0.457738
0.434114
0.317915
0.461419
0.059310
0.024852
0.119994
0.067901
0.090614
0.264945
0.073413
0.000426
0.018778
0.096995
0.157411
0.214986
0.151354
0.105098
0.009398
0.034264
0.220174
-0.000004
0.010509
0.067373
0.017815
0.168104
0.007491
0.082952
0.066056
0.078345
0.123081
0.162669
0.059040
0.193508
0.051114
0.013972
0.153035
0.075919
0.207315
0.147181
0.059719
0.056106
0.113278
0.050491
0.275697
-0.001483
0.098170
0.119250
0.121952
0.121315
0.014406
0.184497
0.125789
0.022469
0.106845
0.015828
0.082855
0.132120
0.121636
0.249142
0.042417
0.204422
0.144450
0.079988
0.086280
0.054130
0.084197
0.082473
0.023450
0.101756
0.001232
0.083193
0.115762
0.089060
