0.587915
0.787277
1.017534
1.822249
2.164539
1.175241
1.140907
1.571176
0.658780
1.958527
2.122574
2.213188
0.782224
1.652340
1.044744
0.937157
1.872019
0.983901
2.363371
2.822124
1.204626
0.761029
0.463154
1.724027
0.362338
1.213126
2.425072
2.048870
0.733634
1.167222
-0.788151
-0.587506
-0.840321
-0.670735
-0.833994
-0.504421
-0.599082
-0.857382
-0.478101
-0.522965
-0.831665
-0.331018
-0.543122
-0.363440
-0.831575
-0.570410
-0.333708
-0.832272
-0.736771
-0.504973
-0.698542
-0.530124
-0.841653
-0.676255
-0.122616
-0.509772
-0.553703
-0.364520
-0.524251
-0.677959
-0.781270
-0.679404
-0.817137
-0.855149
-0.222660
-0.343682
-0.615762
-0.613575
-0.720502
-0.838265
-0.060860
-0.544213
-0.521473
-0.771856
-0.561049
-0.225098
-0.852491
-0.457146
-0.444335
-0.798390
-0.844370
-0.844228
-0.860148
-0.465558
-0.363537
-0.236955
-0.388263
-0.136296
-0.331283
-0.771234
-0.498727
-0.669609
-0.657576
-0.795905
-0.796588
-0.705939
-0.832598
-0.832271
-0.371091
-0.593389
