0.909271
0.823012
1.193786
1.516735
1.464711
1.173459
1.303182
1.802266
1.705171
1.847344
1.333284
1.293853
0.864352
1.534514
1.955953
1.563869
1.244932
1.147053
1.264330
2.076006
1.657374
0.889307
0.630559
0.940160
1.012508
1.720561
1.827559
1.670235
0.896399
1.852078
-0.825808
-1.055288
-0.421676
-0.768597
-0.617334
0.543638
-0.731887
-1.217950
-1.095736
-0.574843
-0.172495
0.210928
-0.212834
-0.520879
-1.158201
-0.992605
0.245477
-1.220814
-1.150806
-0.772115
-1.102150
-0.101286
-1.170902
-0.668360
-0.780883
-0.699040
-0.401123
-0.137482
-0.827608
0.067894
-0.880393
-1.127742
-0.201640
-0.715201
0.159842
-0.240621
-0.823083
-0.847145
-0.466404
-0.884541
0.615239
-1.230664
-0.567018
-0.426632
-0.408640
-0.412878
-1.124851
0.007884
-0.383084
-1.071158
-0.509244
-1.115380
-0.669012
-0.340922
-0.410743
0.438392
-0.938310
0.140580
-0.258812
-0.688105
-0.646203
-0.860307
-0.660073
-0.671553
-1.064624
-0.543137
-1.212583
-0.666760
-0.449861
-0.627685
