0.396132
0.421559
0.346074
0.468774
0.429490
0.369327
0.394228
0.417185
0.365582
0.410322
0.374153
0.483757
0.395661
0.451414
0.462395
0.370752
0.423299
0.398284
0.425372
0.370861
0.395409
0.293251
0.342879
0.322163
0.373950
0.407440
0.453745
0.398123
0.315436
0.462210
0.096793
0.010628
0.232858
0.098695
0.064732
0.029918
0.130176
0.114858
0.018919
0.002302
0.007964
0.205671
0.066777
0.089736
0.022174
0.023339
0.193430
-0.000755
0.087383
0.189251
-0.001119
0.087358
0.076711
0.118595
0.186056
-0.002145
0.077920
0.073494
0.116597
0.104417
0.024394
0.019741
0.084586
0.019263
0.160556
0.049348
0.273804
0.014467
0.081707
0.075327
0.249235
0.004418
0.105501
0.147055
0.000894
0.081619
0.051281
0.120641
0.149430
0.037807
0.199772
-0.000943
0.087855
0.096201
0.124128
0.202107
0.223698
0.100369
0.187165
0.024278
0.060320
0.063509
0.008434
0.056873
0.074471
0.124666
-0.001187
0.127181
0.132086
0.012514
