1.375270
1.537942
1.055015
1.839999
1.588680
1.203781
1.363089
1.509955
1.179825
1.466049
1.234653
1.935858
1.372256
1.728942
1.799190
1.212898
1.549071
1.389038
1.562333
1.213597
1.370644
0.717081
1.034580
0.902042
1.233358
1.447611
1.743853
1.388008
0.859006
1.798007
-0.539776
-1.091028
0.330712
-0.527611
-0.744890
-0.967620
-0.326206
-0.424205
-1.037988
-1.144292
-1.108068
0.156775
-0.731810
-0.584929
-1.017158
-1.009705
0.078464
-1.163853
-0.599978
0.051730
-1.166181
-0.600137
-0.668258
-0.400297
0.031290
-1.172742
-0.660523
-0.688835
-0.413083
-0.491006
-1.002959
-1.032726
-0.617873
-1.035786
-0.131848
-0.843313
0.592665
-1.066469
-0.636295
-0.677113
0.435481
-1.130755
-0.484069
-0.218225
-1.153299
-0.636859
-0.830946
-0.387207
-0.203029
-0.917150
0.119039
-1.165053
-0.596961
-0.543566
-0.364903
0.133975
0.272105
-0.516904
0.038385
-1.003703
-0.773120
-0.752716
-1.105065
-0.795173
-0.682587
-0.361461
-1.166614
-0.345370
-0.313986
-1.078964
