0.522601
1.101737
0.984699
1.611226
1.978565
1.063275
0.970640
1.607965
0.591728
1.951747
2.334802
2.166941
1.000461
1.701776
1.307421
0.707984
1.663487
0.799863
2.566085
2.338308
1.268679
0.656969
0.555573
1.631620
0.458986
1.123609
2.820812
2.169625
0.971425
1.202772
-0.564892
-0.731099
-0.661459
-0.662697
-0.868640
-0.434197
-0.546403
-0.837107
-0.711130
-0.689610
-0.374404
-0.346290
-0.795216
-0.838047
-0.673202
-0.832863
-0.319132
-0.819787
-0.762517
-0.489488
-0.778361
-0.376364
-0.836081
-0.770504
-0.828271
-0.814156
-0.480039
-0.452276
-0.832194
-0.716479
-0.709198
-0.714157
-0.637697
-0.851671
-0.303332
-0.469488
-0.331077
-0.485953
-0.808529
-0.397511
0.069424
-0.620507
-0.610908
-0.580668
-0.431090
-0.345739
-0.834815
-0.833065
-0.824034
-0.649303
-0.508945
-0.536539
-0.399869
-0.631230
-0.464506
-0.271011
-0.446622
-0.452047
-0.627092
-0.638162
-0.164218
-0.851960
-0.750828
-0.591395
-0.840701
-0.187738
-0.807486
-0.690443
-0.430850
-0.327519
