1.052039
1.617359
1.280159
1.978434
1.741443
1.271814
0.939278
1.806522
1.391390
1.253251
1.632274
1.461398
1.106024
1.741576
1.528083
1.180591
1.879371
1.376344
1.333586
1.662334
1.479971
1.288761
1.028897
0.850589
0.919070
1.871968
1.536506
1.399970
1.156938
1.550763
-0.384872
-1.167917
-0.405246
-1.151801
-0.418650
-0.358652
0.169245
-0.790473
-0.591353
-0.932371
-0.146160
-1.048213
-0.601204
-0.996964
-1.007663
-1.101538
-0.304043
-1.178335
-0.506551
0.080840
-0.557912
-0.292728
-1.035621
-1.021640
-0.913939
-0.934089
-0.607448
-0.165767
-0.925803
-0.369130
-1.155097
-0.108631
-0.722483
-0.631958
-0.506142
-0.043336
-0.458238
-0.883693
-0.565196
-0.736787
0.268227
-0.630652
-0.224616
-0.276441
-0.111870
-0.555163
-0.678511
-0.545568
-1.018826
-0.798162
-0.379488
-1.047292
-0.690436
-0.944001
-0.134005
0.247905
0.312496
-0.143758
-0.168478
-0.297230
-0.566778
-1.157984
-0.905627
-1.139157
-0.921803
-0.697827
-1.187614
-1.133818
-0.487423
-0.825247
