0.498460
1.186407
0.961188
1.926374
1.887853
0.960865
1.292893
1.736658
0.602086
2.489421
1.984626
2.077181
0.640306
1.618388
1.169245
1.137895
1.490404
1.383514
2.321273
2.313676
1.067744
0.963758
0.476782
1.389655
0.537147
1.151244
2.506809
2.327547
0.715118
1.374147
-0.263528
-0.828006
-0.681637
-0.765175
-0.418217
-0.486199
-0.527985
-0.502293
-0.385122
-0.827184
-0.504376
-0.622367
-0.640489
-0.645720
-0.802593
-0.774455
-0.705041
-0.830825
-0.417438
-0.753775
-0.822035
-0.699792
-0.857280
-0.561576
-0.780004
-0.557917
-0.119085
-0.281986
-0.626178
-0.505112
-0.802010
-0.818779
-0.402548
-0.731982
-0.294089
-0.707934
-0.195768
-0.516555
-0.605675
-0.513345
-0.320019
-0.788421
-0.626405
-0.474824
-0.538148
-0.450252
-0.824995
-0.384241
-0.851935
-0.800249
-0.642556
-0.838966
-0.456482
-0.344206
-0.604340
-0.125162
-0.545685
-0.705322
-0.099824
-0.772105
-0.590218
-0.546884
-0.863649
-0.648578
-0.620106
-0.693667
-0.821743
-0.838496
-0.825742
-0.763364
