0.351668
0.441005
0.387718
0.498066
0.460614
0.386399
0.333849
0.470899
0.405296
0.383466
0.443362
0.416359
0.360199
0.460635
0.426897
0.371983
0.482411
0.402918
0.396161
0.448113
0.419294
0.389077
0.348011
0.319833
0.330655
0.481241
0.428228
0.406652
0.368245
0.430481
0.124594
0.000849
0.121374
0.003396
0.119256
0.128737
0.212161
0.060497
0.091964
0.038073
0.162317
0.019766
0.090407
0.027865
0.026174
0.011339
0.137367
-0.000797
0.105365
0.198190
0.097248
0.139155
0.021756
0.023966
0.040985
0.037801
0.089420
0.159219
0.039111
0.127081
0.002875
0.168248
0.071241
0.085547
0.105429
0.178566
0.113000
0.045765
0.096097
0.068981
0.227803
0.085753
0.149919
0.141729
0.167736
0.097683
0.078190
0.099199
0.024410
0.059282
0.125445
0.019912
0.076306
0.036235
0.164238
0.224591
0.234798
0.162697
0.158790
0.138444
0.095847
0.002419
0.042299
0.005394
0.039743
0.075138
-0.002263
0.006238
0.108388
0.055001
