0.341154
0.381961
0.326071
0.397050
0.436015
0.327135
0.415792
0.425539
0.325713
0.410187
0.440504
0.475575
0.306837
0.451709
0.376896
0.414876
0.389913
0.367819
0.399283
0.435656
0.450550
0.315346
0.314353
0.400340
0.406588
0.472293
0.401329
0.379714
0.335891
0.399939
0.057422
-0.002583
0.081215
0.018771
0.030979
0.166999
0.178192
0.180975
0.161312
0.076719
0.136076
0.184376
0.025651
0.143600
0.016503
0.016403
-0.000926
-0.000451
0.157793
0.137627
0.009116
0.180574
0.015924
0.084344
0.077868
0.010446
-0.003474
0.183025
0.007145
0.203613
0.103957
0.001871
-0.000154
0.038899
-0.000792
0.069480
0.257501
0.012728
0.009518
0.093679
0.168147
0.146553
0.221166
0.194086
0.089569
0.069946
0.000141
0.226508
0.063533
0.052716
0.094049
0.002376
-0.002455
0.068189
0.044144
0.227409
0.201868
0.081505
0.069192
0.121228
0.081759
0.075603
0.008244
0.038907
0.008245
0.146297
0.005544
0.076220
0.031831
0.047051
