0.869921
0.997464
0.985900
1.859690
1.789471
1.073928
1.160183
1.365326
0.783337
1.948433
2.181046
2.078056
0.591143
1.720642
1.255735
0.942861
1.985600
0.915490
2.295114
2.777783
1.349824
0.720685
0.459194
1.695337
0.652546
1.040250
2.383225
2.090202
0.975034
1.352450
-0.840922
-0.659870
-0.581746
-0.760725
-0.478761
-0.197977
-0.302338
-0.647177
-0.526543
-0.539277
-0.544271
-0.540936
-0.402831
-0.815432
-0.708898
-0.834636
-0.674199
-0.798420
-0.795206
-0.286216
-0.829765
-0.290973
-0.816491
-0.819427
-0.786835
-0.656371
-0.425312
-0.498204
-0.839304
-0.344684
-0.560787
-0.463241
-0.850252
-0.721077
-0.827030
-0.825015
-0.304204
-0.789750
-0.819109
-0.737868
-0.294207
-0.463366
-0.363336
-0.323046
-0.826497
-0.444861
-0.780781
-0.532920
-0.740213
-0.597648
-0.382078
-0.827062
-0.659264
-0.821919
-0.439458
-0.301461
-0.390270
-0.621981
-0.139034
-0.822949
-0.367074
-0.824016
-0.745490
-0.766221
-0.754881
-0.465752
-0.823494
-0.551859
-0.254429
-0.828220
