1.058489
1.318510
0.962385
1.414656
1.662938
0.969161
1.534073
1.596182
0.960103
1.498364
1.691538
1.915009
0.839826
1.762933
1.286236
1.528239
1.369175
1.228400
1.428885
1.660647
1.755549
0.894047
0.887716
1.435618
1.475429
1.894095
1.441922
1.304188
1.024955
1.433061
-0.749419
-1.131761
-0.597812
-0.995699
-0.917911
-0.051205
0.020116
0.037846
-0.087445
-0.626461
-0.248242
0.059521
-0.951861
-0.200299
-1.010151
-1.010786
-1.121208
-1.118182
-0.109866
-0.238361
-1.057217
0.035290
-1.013837
-0.577873
-0.619141
-1.048747
-1.137440
0.050913
-1.069780
0.182093
-0.452905
-1.103387
-1.116286
-0.867442
-1.120351
-0.672585
0.525463
-1.034206
-1.054656
-0.518392
-0.043890
-0.181485
0.293941
0.121388
-0.544583
-0.669615
-1.114407
0.327976
-0.710478
-0.779406
-0.516035
-1.100168
-1.130952
-0.680810
-0.834023
0.333719
0.170974
-0.595962
-0.674422
-0.342851
-0.594345
-0.633571
-1.062778
-0.867397
-1.062772
-0.183116
-1.079978
-0.629638
-0.912479
-0.815502
