1.107532
1.399681
0.817049
1.528419
1.504890
1.140978
0.757849
2.152181
0.573115
1.229938
1.558022
1.222534
1.223330
1.715068
1.593265
0.901166
1.853895
1.364265
1.970379
2.099748
1.444716
1.032734
1.070853
1.337230
1.002686
1.348819
1.271495
1.376275
0.585900
1.739629
-0.768627
-1.027583
-0.165428
-1.060235
-0.065072
-1.141385
0.438231
-0.820919
-0.667496
-0.576961
-0.649668
0.062113
-1.179164
-0.247625
-0.738300
-1.144387
-1.178227
-1.129445
0.116782
-0.211579
-1.202021
0.182484
-1.080402
-0.325467
0.111084
-0.159373
-0.443324
-0.053002
-0.755856
-1.148566
-1.041904
-0.767760
-1.156708
-0.105518
-0.630427
0.033267
0.110819
-0.952507
-0.696891
-1.202663
0.260632
-0.887229
-0.435398
-0.858377
-0.456593
-0.812506
-1.031983
-0.576926
-0.925652
-1.034521
-0.435730
-0.523929
-1.202382
-0.720790
-0.401454
0.832859
-0.066981
-0.430525
0.130717
-1.193489
0.418976
-1.119277
0.235039
-0.955875
-1.123878
0.062730
-1.213116
-0.523598
-0.342724
-1.151949
