0.366976
0.413264
0.320952
0.433661
0.429933
0.372275
0.311572
0.532490
0.282303
0.386370
0.438352
0.385197
0.385323
0.463234
0.443936
0.334279
0.485230
0.407653
0.503686
0.524183
0.420399
0.355125
0.361165
0.403369
0.350364
0.405206
0.392954
0.409556
0.284329
0.467125
0.069717
0.028688
0.165288
0.023515
0.181188
0.010657
0.260932
0.061432
0.085740
0.100085
0.088565
0.201340
0.004672
0.152265
0.074522
0.010182
0.004820
0.012549
0.210001
0.157976
0.001050
0.220411
0.020319
0.139931
0.209099
0.166247
0.121258
0.183101
0.071741
0.009520
0.026419
0.069855
0.008230
0.174780
0.091614
0.196769
0.209057
0.040583
0.081083
0.000948
0.232793
0.050926
0.122514
0.055497
0.119156
0.062765
0.027991
0.100090
0.044838
0.027589
0.122461
0.108487
0.000993
0.077297
0.127892
0.323457
0.180886
0.123286
0.212209
0.002402
0.257881
0.014160
0.228738
0.040050
0.013431
0.201437
-0.000708
0.108540
0.137197
0.008984
