0.914147
1.019839
0.942652
1.742145
2.035586
1.102175
0.742126
1.640476
0.302046
1.908235
1.980755
2.061115
0.712743
1.651812
1.178998
1.040225
2.059018
1.321291
2.449820
2.545617
0.963862
0.946510
0.590900
1.633495
0.430329
1.073500
2.584554
2.150068
0.940181
1.255521
-0.228935
-0.698333
-0.835578
-0.891340
-0.582525
-0.529789
-0.129764
-0.469863
-0.355345
-0.846746
-0.602790
-0.328319
-0.746434
-0.842268
-0.857833
-0.839266
-0.342222
-0.844092
-0.617901
-0.679707
-0.758355
-0.323332
-0.805323
-0.849675
-0.749395
-0.662982
-0.771714
-0.676748
-0.792737
-0.461697
-0.831081
-0.476768
-0.821403
-0.745238
-0.576184
-0.552828
-0.170753
-0.471265
0.013188
-0.460530
-0.448676
-0.829150
-0.141062
-0.522433
-0.796288
-0.478236
-0.712536
-0.436512
-0.778648
-0.835313
-0.666851
-0.780323
-0.620960
-0.248270
-0.629451
-0.249961
-0.252865
-0.618934
-0.244423
-0.336433
-0.432644
-0.791206
-0.734789
-0.768198
-0.794799
-0.593194
-0.859107
-0.584927
-0.693244
-0.826441
